0 PINHOLE 1200 747 1579.28 1579.28 600 373.5
1 PINHOLE 1200 747 1579.28 1579.28 600 373.5
2 PINHOLE 1200 747 1579.28 1579.28 600 373.5
3 PINHOLE 1200 747 1579.28 1579.28 600 373.5
4 PINHOLE 1200 747 1579.28 1579.28 600 373.5
5 PINHOLE 1200 747 1579.28 1579.28 600 373.5
6 PINHOLE 1200 747 1579.28 1579.28 600 373.5
7 PINHOLE 1200 747 1579.28 1579.28 600 373.5
8 PINHOLE 1200 747 1579.28 1579.28 600 373.5
9 PINHOLE 1200 747 1579.28 1579.28 600 373.5
10 PINHOLE 1200 747 1579.28 1579.28 600 373.5
11 PINHOLE 1200 747 1579.28 1579.28 600 373.5
12 PINHOLE 1200 747 1579.28 1579.28 600 373.5
13 PINHOLE 1200 747 1579.28 1579.28 600 373.5
14 PINHOLE 1200 747 1579.28 1579.28 600 373.5
15 PINHOLE 1200 747 1579.28 1579.28 600 373.5
16 PINHOLE 1200 747 1579.28 1579.28 600 373.5
17 PINHOLE 1200 747 1579.28 1579.28 600 373.5
18 PINHOLE 1200 747 1579.28 1579.28 600 373.5
19 PINHOLE 1200 747 1579.28 1579.28 600 373.5
20 PINHOLE 1200 747 1579.28 1579.28 600 373.5
21 PINHOLE 1200 747 1579.28 1579.28 600 373.5
22 PINHOLE 1200 747 1579.28 1579.28 600 373.5
23 PINHOLE 1200 747 1579.28 1579.28 600 373.5
24 PINHOLE 1200 747 1579.28 1579.28 600 373.5
25 PINHOLE 1200 747 1579.28 1579.28 600 373.5
26 PINHOLE 1200 747 1579.28 1579.28 600 373.5
27 PINHOLE 1200 747 1579.28 1579.28 600 373.5
28 PINHOLE 1200 747 1579.28 1579.28 600 373.5
29 PINHOLE 1200 747 1579.28 1579.28 600 373.5
30 PINHOLE 1200 747 1579.28 1579.28 600 373.5
31 PINHOLE 1200 747 1579.28 1579.28 600 373.5
32 PINHOLE 1200 747 1579.28 1579.28 600 373.5
33 PINHOLE 1200 747 1579.28 1579.28 600 373.5
34 PINHOLE 1200 747 1579.28 1579.28 600 373.5
35 PINHOLE 1200 747 1579.28 1579.28 600 373.5
36 PINHOLE 1200 747 1579.28 1579.28 600 373.5
37 PINHOLE 1200 747 1579.28 1579.28 600 373.5
38 PINHOLE 1200 747 1579.28 1579.28 600 373.5
39 PINHOLE 1200 747 1579.28 1579.28 600 373.5
40 PINHOLE 1200 747 1579.28 1579.28 600 373.5
41 PINHOLE 1200 747 1579.28 1579.28 600 373.5
42 PINHOLE 1200 747 1579.28 1579.28 600 373.5
43 PINHOLE 1200 747 1579.28 1579.28 600 373.5
44 PINHOLE 1200 747 1579.28 1579.28 600 373.5
45 PINHOLE 1200 747 1579.28 1579.28 600 373.5
46 PINHOLE 1200 747 1579.28 1579.28 600 373.5
47 PINHOLE 1200 747 1579.28 1579.28 600 373.5
48 PINHOLE 1200 747 1579.28 1579.28 600 373.5
49 PINHOLE 1200 747 1579.28 1579.28 600 373.5
50 PINHOLE 1200 747 1579.28 1579.28 600 373.5
51 PINHOLE 1200 747 1579.28 1579.28 600 373.5
52 PINHOLE 1200 747 1579.28 1579.28 600 373.5
53 PINHOLE 1200 747 1579.28 1579.28 600 373.5
54 PINHOLE 1200 747 1579.28 1579.28 600 373.5
55 PINHOLE 1200 747 1579.28 1579.28 600 373.5
56 PINHOLE 1200 747 1579.28 1579.28 600 373.5
57 PINHOLE 1200 747 1579.28 1579.28 600 373.5
58 PINHOLE 1200 747 1579.28 1579.28 600 373.5
59 PINHOLE 1200 747 1579.28 1579.28 600 373.5
60 PINHOLE 1200 747 1579.28 1579.28 600 373.5
61 PINHOLE 1200 747 1579.28 1579.28 600 373.5
62 PINHOLE 1200 747 1579.28 1579.28 600 373.5
63 PINHOLE 1200 747 1579.28 1579.28 600 373.5
64 PINHOLE 1200 747 1579.28 1579.28 600 373.5
65 PINHOLE 1200 747 1579.28 1579.28 600 373.5
66 PINHOLE 1200 747 1579.28 1579.28 600 373.5
67 PINHOLE 1200 747 1579.28 1579.28 600 373.5
68 PINHOLE 1200 747 1579.28 1579.28 600 373.5
69 PINHOLE 1200 747 1579.28 1579.28 600 373.5
70 PINHOLE 1200 747 1579.28 1579.28 600 373.5
71 PINHOLE 1200 747 1579.28 1579.28 600 373.5
72 PINHOLE 1200 747 1579.28 1579.28 600 373.5
73 PINHOLE 1200 747 1579.28 1579.28 600 373.5
74 PINHOLE 1200 747 1579.28 1579.28 600 373.5
75 PINHOLE 1200 747 1579.28 1579.28 600 373.5
76 PINHOLE 1200 747 1579.28 1579.28 600 373.5
77 PINHOLE 1200 747 1579.28 1579.28 600 373.5
78 PINHOLE 1200 747 1579.28 1579.28 600 373.5
79 PINHOLE 1200 747 1579.28 1579.28 600 373.5
80 PINHOLE 1200 747 1579.28 1579.28 600 373.5
81 PINHOLE 1200 747 1579.28 1579.28 600 373.5
82 PINHOLE 1200 747 1579.28 1579.28 600 373.5
83 PINHOLE 1200 747 1579.28 1579.28 600 373.5
84 PINHOLE 1200 747 1579.28 1579.28 600 373.5
85 PINHOLE 1200 747 1579.28 1579.28 600 373.5
86 PINHOLE 1200 747 1579.28 1579.28 600 373.5
87 PINHOLE 1200 747 1579.28 1579.28 600 373.5
88 PINHOLE 1200 747 1579.28 1579.28 600 373.5
89 PINHOLE 1200 747 1579.28 1579.28 600 373.5
90 PINHOLE 1200 747 1579.28 1579.28 600 373.5
91 PINHOLE 1200 747 1579.28 1579.28 600 373.5
92 PINHOLE 1200 747 1579.28 1579.28 600 373.5
93 PINHOLE 1200 747 1579.28 1579.28 600 373.5
94 PINHOLE 1200 747 1579.28 1579.28 600 373.5
95 PINHOLE 1200 747 1579.28 1579.28 600 373.5
96 PINHOLE 1200 747 1579.28 1579.28 600 373.5
97 PINHOLE 1200 747 1579.28 1579.28 600 373.5
98 PINHOLE 1200 747 1579.28 1579.28 600 373.5
99 PINHOLE 1200 747 1579.28 1579.28 600 373.5
100 PINHOLE 1200 747 1579.28 1579.28 600 373.5
101 PINHOLE 1200 747 1579.28 1579.28 600 373.5
102 PINHOLE 1200 747 1579.28 1579.28 600 373.5
103 PINHOLE 1200 747 1579.28 1579.28 600 373.5
104 PINHOLE 1200 747 1579.28 1579.28 600 373.5
105 PINHOLE 1200 747 1579.28 1579.28 600 373.5
106 PINHOLE 1200 747 1579.28 1579.28 600 373.5
107 PINHOLE 1200 747 1579.28 1579.28 600 373.5
108 PINHOLE 1200 747 1579.28 1579.28 600 373.5
109 PINHOLE 1200 747 1579.28 1579.28 600 373.5
110 PINHOLE 1200 747 1579.28 1579.28 600 373.5
111 PINHOLE 1200 747 1579.28 1579.28 600 373.5
112 PINHOLE 1200 747 1579.28 1579.28 600 373.5
113 PINHOLE 1200 747 1579.28 1579.28 600 373.5
114 PINHOLE 1200 747 1579.28 1579.28 600 373.5
115 PINHOLE 1200 747 1579.28 1579.28 600 373.5
116 PINHOLE 1200 747 1579.28 1579.28 600 373.5
117 PINHOLE 1200 747 1579.28 1579.28 600 373.5
118 PINHOLE 1200 747 1579.28 1579.28 600 373.5
119 PINHOLE 1200 747 1579.28 1579.28 600 373.5
120 PINHOLE 1200 747 1579.28 1579.28 600 373.5
121 PINHOLE 1200 747 1579.28 1579.28 600 373.5
122 PINHOLE 1200 747 1579.28 1579.28 600 373.5

